      0/24     5.91G   0.07108    0.0551   0.01125    0.1374        43       640    0.3566    0.3846    0.2354   0.05427    0.1026   0.08933   0.01276
      1/24     11.5G   0.04989   0.04756  0.003272    0.1007        51       640     0.324    0.6052    0.4311    0.2538    0.1082   0.07455   0.01164
      2/24     12.9G   0.05037   0.04196  0.002216   0.09455        13       640    0.3771    0.8741    0.4476    0.1347   0.09775   0.07647  0.009639
      3/24     12.9G   0.04243   0.04371   0.00195   0.08809       118       640    0.7937    0.8595    0.9002     0.576   0.08268   0.08043  0.009035
      4/24     12.9G   0.03602   0.04141  0.001464   0.07889        21       640    0.9426    0.9233    0.9642    0.6554   0.07518   0.08124  0.009201
      5/24     12.9G   0.03298    0.0389  0.001266   0.07314        65       640    0.7264    0.9735    0.9015    0.5514   0.07807   0.08512  0.009043
      6/24     12.9G   0.03296    0.0382  0.001249    0.0724        11       640    0.9658    0.9854    0.9944    0.8045   0.06969   0.08847  0.008308
      7/24     12.9G   0.02899   0.03718  0.001035   0.06721        76       640    0.9611    0.9903    0.9827     0.795   0.06506   0.08819  0.008131
      8/24     12.9G   0.02501   0.03606 0.0007391   0.06181        18       640     0.987    0.9868    0.9958    0.7112   0.06309   0.09821  0.007428
      9/24     12.9G   0.02624   0.03611 0.0006597   0.06302        77       640    0.9782    0.9882    0.9948    0.7246   0.06433   0.09226  0.007526
     10/24     12.9G   0.02443   0.03364 0.0005738   0.05864        18       640     0.995    0.9916     0.994     0.792    0.0619   0.09462   0.00685
     11/24     12.9G   0.02295    0.0332 0.0004619   0.05662        80       640    0.9924    0.9937    0.9955    0.8201   0.06113   0.09549  0.006992
     12/24     12.9G   0.02202   0.03283 0.0003666   0.05522        79       640    0.9942    0.9937    0.9958    0.8269   0.06062   0.09592  0.006495
     13/24     12.9G   0.02076   0.03215 0.0003076   0.05322        17       640    0.9965    0.9965    0.9964    0.8288   0.05856    0.1007   0.00591
     14/24     12.9G   0.02028   0.03096 0.0002484   0.05149        22       640     0.996    0.9951    0.9963    0.8421   0.05714   0.09968  0.005687
     15/24     12.9G   0.01899   0.02918 0.0002189    0.0484        44       640    0.9934    0.9986    0.9965    0.8644   0.05687    0.1012  0.005817
     16/24     12.9G   0.01861   0.02926 0.0001774   0.04805        21       640    0.9958    0.9972    0.9961     0.845   0.05887    0.1012  0.007132
     17/24     12.9G   0.01815   0.02919 0.0001654    0.0475         5       640    0.9951    0.9951    0.9965     0.871   0.05631    0.1064  0.006044
     18/24     12.9G   0.01791   0.02879 0.0001601   0.04686        26       640     0.996    0.9979    0.9966    0.8641   0.05489    0.1091  0.005654
     19/24     12.9G   0.01733   0.02886 0.0001428   0.04633        50       640    0.9975    0.9972    0.9968    0.8611   0.05507    0.1093  0.005812
     20/24     12.9G   0.01735   0.02892 0.0001331    0.0464        58       640    0.9951    0.9979    0.9968    0.8834   0.05311    0.1129  0.005321
     21/24     12.9G   0.01726    0.0279 0.0001415    0.0453        43       640    0.9921         1    0.9967    0.8759   0.05424    0.1126  0.006094
     22/24     12.9G   0.01695   0.02862 0.0001268    0.0457        30       640    0.9969    0.9958    0.9969    0.8837   0.05317    0.1133  0.005622
     23/24     12.9G   0.01661   0.02722 0.0001076   0.04394         7       640    0.9972    0.9951    0.9965    0.8856   0.05381    0.1135  0.006094
     24/24     12.9G   0.01686   0.02788  0.000125   0.04486        21       640    0.9965    0.9958    0.9967    0.8674   0.05416    0.1137  0.006204
